000000000000000000000000000000000000000000000000000000000000000000000000000000
000000000000000000000000000000000000000000000000000000000000000000000000000000
000000000000000000000000000000000000000000000000000000000000000000000000000000
000000000000000000000000000000000000000000000000000000000000000000000000000000
000000000000000000000000000000000000000000000000000000000000000000000000000000
000000001100000000000000000000000000000000000000000000000000000000000000000000
000000001100000000000000000000000000000000000000000000000000000000000000000000
000000000010000000000000000000000000000000000001000000000000000000000000000000
000000000001000000000000000000000000000000000010100000000000000000000000000000
000000000000000000000000000000000000000000000010100000000000000000000000000000
000000000000000000000000000000000000000000000001000000000000000000000000000000
000000000000000000000000000000000000000000000000000000000000000000000000000000
000000001101100000000000000000000000000000110000000110000000000000000000000000
000000001101100000000000000000000000000001001000001001000000000000000000000000
000000000000000000000000000000000000000000110000000110000000000000000000000000
000000000000000000000000000000000000000000000000000000000000000000000000000000
000000000000000000000000000000000000000000000001000000000000000000000000000000
000000000000000000000000000000000000000000000010100000000000000000000000000000
000000000000011000000000000000000000000000000010100000000000000000000000000000
000000000000100100000000000000000000000000000001000000000000000000000000000000
000000000000100100000000000000000000000000000000000000000000000000000000000000
000000000000011000000000000000000000000000000000000000000000000000000000000000
000000000000000000000000000000000000000000000000000000000000000000000000000000